Name Latitude(WGS84) Longitude(WGS84) Elevation(m) NoiseLevel(m/s^2)
ABL	34.84845	-119.22497	565	1.00E-07
ADL	34.55581	-117.41804	115	1.00E-07
ARB	34.00431	-117.60540	930	1.00E-07
ARV	35.12687	-118.83008	48	1.00E-07
AZU	34.21980	-117.90121	816	1.00E-07
BAR	32.68005	-116.67215	4	1.00E-07
BAT	33.45828	-115.84153	813	1.00E-07
BC2	33.65702	-115.46202	829	1.00E-07
BC3	33.65484	-115.45309	897	1.00E-07
BCH	35.18542	-120.08522	206	1.00E-07
BLK	35.08867	-117.21975	687	1.00E-07
BLU	34.40686	-117.72778	483	1.00E-07
BMT	35.13641	-118.59723	280	1.00E-07
BON	32.69732	-115.26902	10	1.00E-07
BOO	34.87632	-117.91109	441	1.00E-07
BRA	32.97899	-115.54936	276	1.00E-07
BRG	33.17139	-116.17470	668	1.00E-07
BRS	33.97145	-116.91265	739	1.00E-07
BRT	34.61206	-117.96354	857	1.00E-07
BTL	34.25698	-117.00521	664	1.00E-07
CAH	33.49296	-116.72386	644	1.00E-07
CAL	35.10331	-117.94924	268	1.00E-07
CAV	35.05071	-116.34534	927	1.00E-07
CBK	32.91580	-116.25226	665	1.00E-07
CCR	34.36082	-116.94090	748	1.00E-07
CDY	34.83007	-116.33717	413	1.00E-07
CFL	34.33296	-118.02387	371	1.00E-07
CFT	34.03521	-117.11189	34	1.00E-07
CJV	34.52978	-118.14450	23	1.00E-07
CLC	35.81574	-117.59751	244	1.00E-07
CLI	33.14029	-115.52658	453	1.00E-07
CLM	34.09613	-117.72297	82	1.00E-07
CO2	33.84524	-115.34351	999	1.00E-07
COA	32.86341	-115.12339	752	1.00E-07
COK	32.84946	-115.72788	40	1.00E-07
COY	33.36296	-116.31114	887	1.00E-07
CPE	32.89244	-117.10143	386	1.00E-07
CPM	34.15442	-116.19771	230	1.00E-07
CRG	35.24220	-119.72486	23	1.00E-07
CRR	32.88682	-115.96918	250	1.00E-07
CSP	34.29796	-117.35833	438	1.00E-07
CTW	33.67728	-115.87214	948	1.00E-07
CWC	36.43988	-118.08016	80	1.00E-07
DB2	33.73521	-117.06289	162	1.00E-07
DBM	34.97877	-118.36107	158	1.00E-07
DHB	34.01236	-118.38771	682	1.00E-07
DTP	35.26742	-117.84581	921	1.00E-07
EDW	34.88303	-117.99106	414	1.00E-07
ELM	34.52638	-117.64064	51	1.00E-07
ELR	33.14747	-115.83335	79	1.00E-07
ELS	33.64698	-117.42812	215	1.00E-07
EMS	32.73921	-114.98521	157	1.00E-07
ERP	32.74311	-115.66354	556	1.00E-07
EWC	33.93724	-116.38216	234	1.00E-07
FIL	34.42335	-118.83531	11	1.00E-07
FLA	33.87148	-117.97646	977	1.00E-07
FLS	34.97036	-117.03909	390	1.00E-07
FMA	33.71828	-118.28485	744	1.00E-07
FOX	34.74431	-118.23255	10	1.00E-07
FRK	33.40209	-115.63835	437	1.00E-07
FTC	34.87151	-118.90020	357	1.00E-07
GAV	34.02248	-117.50492	572	1.00E-07
GFP	34.13165	-118.31978	339	1.00E-07
GLA	33.05107	-114.82779	514	1.00E-07
GRP	34.80481	-115.60705	978	1.00E-07
GSA	34.13677	-118.12830	195	1.00E-07
GSC	35.30176	-116.80572	954	1.00E-07
GST	34.13677	-118.12830	195	1.00E-07
GTM	34.29460	-116.35600	836	1.00E-07
GVR	34.04972	-118.11995	141	1.00E-07
HAY	33.70736	-115.63892	4	1.00E-07
HOD	34.83886	-117.24753	807	1.00E-07
HOT	33.31440	-116.58236	1934	1.00E-07
HYS	34.86532	-117.56975	833	1.00E-07
IKP	32.65012	-116.10948	906	1.00E-07
IND	33.81672	-116.23040	324	1.00E-07
ING	32.98865	-115.31024	-33	1.00E-07
IPCE	33.97048	-118.33525	23	1.00E-07
IR2	34.38807	-118.39972	562	1.00E-07
IRC	34.38851	-118.40304	533	1.00E-07
IRS	33.19086	-115.42904	814	1.00E-07
ISA	35.66278	-118.47403	817	1.00E-07
JAW	35.31578	-118.04546	711	1.00E-07
JFS	35.35157	-117.67291	1393	1.00E-07
JNH	34.44795	-117.95705	1289	1.00E-07
JUL	33.04817	-116.61357	1260	1.00E-07
KEE	33.63856	-116.65425	1359	1.00E-07
KYP	34.10120	-118.88017	686	1.00E-07
LAN	34.72683	-118.05177	684	1.00E-07
LAQ	33.62798	-116.28051	-4	1.00E-07
LAV	34.76597	-116.28880	814	1.00E-07
LCL	33.83999	-118.19521	-110	1.00E-07
LEO	34.63064	-118.30505	1025	1.00E-07
LHU	34.67092	-118.41259	1000	1.00E-07
LIB	34.59092	-117.84890	861	1.00E-07
LLN	34.48532	-117.84648	980	1.00E-07
LNA	33.78811	-118.05007	925	1.00E-07
LOK	34.72444	-119.09279	837	1.00E-07
LOM	33.79567	-118.28013	984	1.00E-07
LRM	35.47737	-117.69000	923	1.00E-07
LRR	34.52629	-118.02867	976	1.00E-07
LTC	33.49378	-115.07700	341	1.00E-07
LUC	34.45476	-116.96474	812	1.00E-07
MAR	35.00260	-119.34022	557	1.00E-07
MDA	33.91380	-117.00067	798	1.00E-07
MIR	33.41621	-116.08171	58	1.00E-07
MLL	34.09125	-116.93713	705	1.00E-07
MWC	34.22368	-118.05827	119	1.00E-07
NW2	33.08732	-115.69266	916	1.00E-07
OLY	33.43142	-117.11806	555	1.00E-07
PAS	34.14844	-118.17117	60	1.00E-07
PCF	34.05304	-117.79144	146	1.00E-07
PEC	33.89198	-117.16135	560	1.00E-07
PEM	34.16689	-117.87009	318	1.00E-07
PKM	34.89556	-119.82084	507	1.00E-07
PLE	34.96857	-119.06899	910	1.00E-07
PLM	33.35361	-116.86265	178	1.00E-07
PLS	33.79530	-117.60906	204	1.00E-07
PLT	32.73123	-114.73012	208	1.00E-07
POBZ	33.68700	-116.92399	791	1.00E-07
IOB	33.68699	-116.92402	603	1.00E-07
PSP	33.79371	-116.54968	281	1.00E-07
PTD	34.00443	-118.80686	829	1.00E-07
PVPZ	33.78939	-118.40199	962	1.00E-07
PVR	33.75237	-118.37171	140	1.00E-07
PYR	34.56784	-118.7419	852	1.00E-07
QAL	34.74909	-118.71518	574	1.00E-07
RAY	34.03749	-116.81306	134	1.00E-07
RCP	33.77731	-118.13343	449	1.00E-07
RCP	33.77730	-118.13345	591	1.00E-07
RMM	34.64384	-116.62438	888	1.00E-07
RMR	34.21283	-116.57630	1663	1.00E-07
RUN	32.97222	-114.97809	116	1.00E-07
RVR	33.99351	-117.37545	232	1.00E-07
RYS	34.64341	-119.35224	1807	1.00E-07
SAD	34.08087	-118.66554	715	1.00E-07
SAT	33.70796	-117.89143	-420	1.00E-07
SBB	34.68817	-117.82501	796	1.00E-07
SBC	34.44076	-119.71492	61	1.00E-07
SBK	35.07914	-117.58287	851	1.00E-07
SBP	34.23236	-117.23488	1843	1.00E-07
SC1	34.01916	-118.28598	17	1.00E-07
SCC	34.94094	-120.17297	565	1.00E-07
SCD	34.36841	-119.34467	183	1.00E-07
SC1	32.97919	-118.54698	178	1.00E-07
SCY	34.10647	-118.45533	250	1.00E-07
SDL	35.37652	-117.88838	638	1.00E-07
SDW	34.60953	-117.07593	1125	1.00E-07
SGL	32.64933	-115.72638	75	1.00E-07
S1L	34.34802	-116.82746	1698	1.00E-07
S1M	35.35017	-119.99653	578	1.00E-07
S1P	34.20453	-118.78073	694	1.00E-07
SKY	33.77575	-117.10712	774	1.00E-07
SLC	34.49593	-119.71435	1164	1.00E-07
SLG	34.10946	-119.06496	381	1.00E-07
SLP	34.55353	-120.39819	113	1.00E-07
SLT	33.26488	-115.92420	-83	1.00E-07
SME	33.82288	-117.35623	466	1.00E-07
SMO	33.53561	-116.46239	2403	1.00E-07
SND	35.14264	-118.30286	1294	1.00E-07
SNR	32.86184	-115.43602	-63	1.00E-07
SNS	33.43239	-117.55047	117	1.00E-07
SRT	35.69235	-117.75051	667	1.00E-07
SS2	34.20734	-117.50039	1574	1.00E-07
SSC	33.99546	-119.63513	413	1.00E-07
SSN	33.24494	-119.50737	217	1.00E-07
STO	34.69199	-117.11727	145	1.00E-07
STT	34.78904	-118.46361	796	1.00E-07
SUN	34.21048	-117.69394	1652	1.00E-07
SUP	32.95537	-115.82547	177	1.00E-07
SWM	34.71605	-118.58362	1184	1.00E-07
SYP	34.52780	-119.97834	1253	1.00E-07
SYS	32.57936	-116.91486	181	1.00E-07
TAB	34.38245	-117.68191	2250	1.00E-07
TCC	33.99465	-118.01397	195	1.00E-07
TEJ	35.23107	-118.68878	844	1.00E-07
THC	34.90853	-118.66443	1688	1.00E-07
TIN	37.05422	-118.23009	1164	1.00E-07
TJR	35.02722	-118.74373	398	1.00E-07
TMB	35.08693	-119.53548	988	1.00E-07
TOW	35.80885	-117.76493	653	1.00E-07
TPC	34.10564	-116.04939	686	1.00E-07
TPO	34.87883	-118.22864	769	1.00E-07
TPR	34.09285	-118.58780	335	1.00E-07
TWL	34.27827	-118.59548	352	1.00E-07
UPL	34.14817	-117.69940	516	1.00E-07
VET	34.29678	-118.02833	1757	1.00E-07
VG2	33.83254	-116.81041	1465	1.00E-07
VPD	33.81596	-117.76338	147	1.00E-07
VST	33.15585	-117.23200	76	1.00E-07
WAS	35.73770	-118.55743	1828	1.00E-07
WBM	35.60839	-117.89049	892	1.00E-07
WBS	35.53671	-118.14035	1902	1.00E-07
WCH	35.87887	-118.07405	2461	1.00E-07
WCS	36.02702	-117.76761	1135	1.00E-07
WCX	35.71155	-117.59448	654	1.00E-07
WHF	35.69513	-118.35183	859	1.00E-07
WHS	36.10508	-117.76177	1411	1.00E-07
WHV	35.50989	-118.51904	971	1.00E-07
WI2	33.27614	-115.58154	-97	1.00E-07
WLS	33.27586	-115.59540	-102	1.00E-07
WJP	35.41094	-118.48196	1090	1.00E-07
WLH	36.15243	-118.31312	2645	1.00E-07
WLK	33.05135	-115.49193	-82	1.00E-07
WMF	36.11774	-117.85484	1513	1.00E-07
WNM	35.84220	-117.90616	923	1.00E-07
WOF	35.53545	-118.71352	1306	1.00E-07
WOR	35.69563	-118.24246	795	1.00E-07
WRC	35.94896	-117.64787	930	1.00E-07
WRV	36.00783	-117.89056	1039	1.00E-07
WSC	35.70429	-117.88751	853	1.00E-07
WSH	35.59962	-117.49265	764	1.00E-07